27
0 1200 1500 1600 2000 2200 2300 1800 1900 2100 2400 2500 1700 2600 2700 2800 2900 1300 1400 1500 3000 3100 3200 3300 1100 1000 1200 1300
1200 0 1300 1400 1800 2000 2100 1600 1700 1900 2200 2300 1500 2400 2500 2600 2700 1100 1200 1300 2800 2900 3000 3100 900 800 1000 1100
1500 1300 0 1200 1600 1800 1900 1400 1500 1700 2000 2100 1300 2200 2300 2400 2500 900 1000 1100 2600 2700 2800 2900 700 600 800 900
1600 1400 1200 0 1400 1600 1700 1200 1300 1500 1800 1900 1100 2000 2100 2200 2300 800 900 1000 2400 2500 2600 2700 600 500 700 800
2000 1800 1600 1400 0 1200 1300 1000 1100 1300 1600 1700 900 1800 1900 2000 2100 600 700 800 2200 2300 2400 2500 400 300 500 600
2200 2000 1800 1600 1200 0 1100 800 900 1100 1400 1500 700 1600 1700 1800 1900 400 500 600 2000 2100 2200 2300 200 100 300 400
2300 2100 1900 1700 1300 1100 0 900 1000 1200 1500 1600 800 1700 1800 1900 2000 500 600 700 2100 2200 2300 2400 300 200 400 500
1800 1600 1400 1200 1000 800 900 0 100 200 500 600 200 700 800 900 1000 300 400 500 1100 1200 1300 1400 100 0 200 300
1900 1700 1500 1300 1100 900 1000 100 0 100 400 500 100 600 700 800 900 200 300 400 1000 1100 1200 1300 0 100 200 300
2100 1900 1700 1500 1300 1100 1200 200 100 0 300 400 0 500 600 700 800 100 200 300 900 1000 1100 1200 100 0 100 200
2400 2200 2000 1800 1600 1400 1500 500 400 300 0 100 300 400 500 600 700 0 100 200 800 900 1000 1100 400 300 200 100
2500 2300 2100 1900 1700 1500 1600 600 500 400 100 0 400 500 600 700 800 100 0 100 900 1000 1100 1200 500 400 300 200
1700 1500 1300 1100 900 700 800 200 100 0 300 400 0 100 200 300 400 0 100 200 500 600 700 800 100 0 100 200
2600 2400 2200 2000 1800 1600 1700 700 600 500 400 500 100 0 100 200 300 0 100 200 600 700 800 900 200 100 0 100
2700 2500 2300 2100 1900 1700 1800 800 700 600 500 600 200 100 0 100 200 0 100 200 700 800 900 1000 300 200 100 0
2800 2600 2400 2200 2000 1800 1900 900 800 700 600 700 300 200 100 0 100 0 100 200 800 900 1000 1100 400 300 200 100
2900 2700 2500 2300 2100 1900 2000 1000 900 800 700 800 400 300 200 100 0 0 100 200 900 1000 1100 1200 500 400 300 200
1300 1100 900 800 600 400 500 300 200 100 0 100 0 0 0 0 0 100 0 0 200 0 0 0 0 0 0 0
1400 1200 1000 900 700 500 600 400 300 200 100 0 0 0 0 0 0 0 100 0 0 300 0 0 0 0 0 0
1500 1300 1100 1000 800 600 700 500 400 300 200 100 0 0 0 0 0 0 0 100 0 0 400 0 0 0 0 0
3000 2800 2600 2400 2200 2000 2100 1100 1000 900 800 900 500 600 700 800 900 0 0 0 100 0 0 0 0 0 0
3100 2900 2700 2500 2300 2100 2200 1200 1100 1000 900 1000 600 700 800 900 1000 0 0 0 0 100 0 0 0 0 0
3200 3000 2800 2600 2400 2200 2300 1300 1200 1100 1000 1100 700 800 900 1000 1100 0 0 0 0 0 100 0 0 0 0
3300 3100 2900 2700 2500 2300 2400 1400 1300 1200 1100 1200 800 900 1000 1100 1200 0 0 0 0 0 0 100 0 0
1100 900 700 600 400 200 300 100 0 100 400 500 0 200 300 400 500 0 0 0 0 0 0 0 100 0
1000 800 600 500 300 100 200 0 100 0 300 400 0 100 200 300 400 0 0 0 0 0 0 0 0 0 100
1200 1000 800 700 500 300 400 200 300 200 100 200 0 0 100 200 300 0 0 0 0 0 0 0 0 0
1300 1100 900 800 600 400 500 300 400 300 200 300 0 0 200 300 400 0 0 0 0 0 0 0 0 0
